Res = [[8.7607525e-02 8.6467758e-02 8.6458340e-02 ... 4.3058518e-02
  3.3111401e-02 3.0133843e-02]
 [1.5145650e-02 1.9082680e-02 1.9708825e-02 ... 7.5655035e-04
  5.1977480e-04 7.3733617e-04]
 [7.7163748e-02 7.6985128e-02 7.5349376e-02 ... 1.9143568e-03
  1.6121968e-03 1.3313245e-03]
 ...
 [8.1892228e-01 8.2494414e-01 8.6190701e-01 ... 7.3733902e-01
  6.7327517e-01 6.3588560e-01]
 [4.0854186e-01 4.0894353e-01 4.4523403e-01 ... 5.6194313e-02
  5.4008607e-02 5.1016014e-02]
 [1.4045921e-01 1.4024046e-01 1.3103597e-01 ... 2.3150818e-02
  2.4464274e-02 1.7597010e-02]]
